Kỳ 251118030017-11 19:29:29
Đặc Biệt    04991
Nhất    07640
Nhì 98738 -87994
Ba  54684 -13423 -69823 -56137 -79612 -72939
Bốn 9686 -7846 -2537 -9554
Năm 8717 -5484 -3507 -3306 -7218 -2765
Sáu 479 -815 -893
Bảy 36 -12 -97 -51
0   7,6
1   2,7,8,5,2
2   3,3
3   8,7,9,7,6
4   0,6
5   4,1
6   5
7   9
8   4,6,4
9   1,4,3,7
Kỳ 251118029917-11 19:27:59
Đặc Biệt    34471
Nhất    40106
Nhì 58911 -03176
Ba  83893 -35616 -83537 -66123 -01747 -56847
Bốn 8652 -9210 -8023 -1973
Năm 3959 -8939 -7266 -0526 -6531 -8140
Sáu 327 -111 -659
Bảy 69 -89 -38 -22
0   6
1   1,6,0,1
2   3,3,6,7,2
3   7,9,1,8
4   7,7,0
5   2,9,9
6   6,9
7   1,6,3
8   9
9   3